,age,creatinine_phosphokinase,ejection_fraction,platelets,serum_creatinine,serum_sodium,time,anaemia,diabetes,high_blood_pressure,sex,smoking,ground_truth
0,1.1929452305019328,0.0001657283873030107,-1.5305595280629063,0.01681648429088922,0.4900569873805214,-1.504036122151041,-1.6295024142525152,0,0,1,1,0,1
1,-0.4912792759632972,7.514639528854929,-0.007076750175989039,7.535660178453291e-09,-0.2845523523500058,-0.14197615085423837,-1.6036907368917659,0,0,0,1,0,1
2,0.35083297726931784,-0.44993876082878226,-1.5305595280629063,-1.0380731335392908,-0.09090001741737401,-1.7310461173671747,-1.5907848982113915,0,0,0,1,1,1
3,-0.9123354025796047,-0.4860710019355781,-1.5305595280629063,-0.5464740883368767,0.4900569873805214,0.0850338443618954,-1.5907848982113915,1,0,0,1,0,1
4,0.35083297726931784,-0.43548586438606396,-1.5305595280629063,0.6517985843440072,1.264666327111049,-4.682176055176914,-1.5778790595310168,1,1,0,0,0,1
5,2.4561136103508554,-0.5521413856737191,0.16219911403366843,-0.6079239689871785,0.6837093223131534,-1.0500161317187735,-1.5778790595310168,1,0,1,1,1,1
6,1.1929452305019328,-0.346703786237937,-1.95374918858705,-1.3965307706660508,-0.18772618488369003,0.0850338443618954,-1.5520673821702675,1,0,0,1,0,1
7,-0.07022314934698967,-0.2754716537702538,1.8549577561302433,1.952487724775394,-0.2845523523500058,-1.2770261269349072,-1.5520673821702675,1,1,0,1,1,1
8,0.35083297726931784,-0.4385829136237893,2.2781474166543867,7.535660178453291e-09,0.10275231751525779,0.31204383957802917,-1.5520673821702675,0,0,0,0,0,1
9,1.6140013571182403,-0.4736828049846767,-0.26099054649047526,1.2765390376220749,7.752019547354216,-0.8230061365026398,-1.5520673821702675,1,0,1,1,1,1
10,1.1929452305019328,-0.5170414943128316,-0.007076750175989039,1.0717061021210692,2.523406504173156,-1.2770261269349072,-1.5520673821702675,1,0,1,1,1,1
11,0.09819930129953332,-0.3621890324265638,-1.1073698675387627,-0.10608327700971426,-0.47820468728263776,0.7660638300102968,-1.5520673821702675,0,0,1,1,1,1
12,-1.3333915291959122,0.4120732770047756,-0.6841802070146189,-1.3043559496905983,-0.2845523523500058,0.0850338443618954,-1.5391615434898929,1,0,0,1,0,1
13,-0.9123354025796047,-0.4272270664187963,-0.007076750175989039,0.1294745988164424,-0.2845523523500058,0.0850338443618954,-1.5391615434898929,1,0,1,1,0,1
14,-0.9965466279028662,-0.5180738440587401,-0.6841802070146189,1.6759632618490363,-0.3813785198163218,0.31204383957802917,-1.5262557048095184,1,0,1,0,0,0
15,1.7824238077647634,-0.20940127003211284,1.0085784350819558,-2.215862512670074,-0.09090001741737401,-0.14197615085423837,-1.5133498661291438,1,0,0,1,0,1
16,2.203479934381071,-0.4468417115910569,-0.007076750175989039,-0.013908456034261654,-0.47820468728263776,0.7660638300102968,-1.5004440274487691,1,0,0,1,0,1
17,-1.3333915291959122,0.0001657283873030107,-2.038387120691879,-0.9971065464390895,-0.5750308547489537,-2.185066107799442,-1.5004440274487691,0,0,0,1,0,1
18,0.7718891038856254,-0.47161810549285976,-1.1073698675387627,-0.2699496254105189,-0.3813785198163218,0.7660638300102968,-1.4875381887683945,1,0,1,0,0,1
19,-1.0807578532261277,0.0001657283873030107,1.4317680956060994,-1.8061966416680624,0.4900569873805214,-3.547126079096245,-1.4875381887683945,1,1,0,0,0,1
20,0.35083297726931784,-0.5469796369441768,-1.1073698675387627,0.1294745988164424,-0.09090001741737401,0.0850338443618954,-1.4746323500880198,1,0,1,0,0,0
21,0.35083297726931784,-0.4685210562551344,-0.6841802070146189,0.3445491810924985,0.1995784849815738,-0.14197615085423837,-1.4230089953665215,1,1,1,0,0,1
22,0.6034666532391023,-0.3735448796315568,-0.26099054649047526,0.2626160068920962,-0.47820468728263776,0.7660638300102968,-1.4230089953665215,1,0,1,1,1,1
23,-0.6597017266098202,-0.5356237897391838,1.8549577561302433,1.0717061021210692,-0.5750308547489537,-0.36898614607037217,-1.3971973180057724,0,1,0,1,0,0
24,1.1929452305019328,0.0001657283873030107,-0.6841802070146189,7.535660178453291e-09,0.4222786701541004,-0.5959961412865059,-1.3842914793253978,0,1,1,0,0,1
25,1.6140013571182403,-0.4478740613369654,-0.007076750175989039,-1.1712145416149444,0.4900569873805214,1.6741038108748318,-1.3842914793253978,0,1,0,1,1,1
26,2.8771697369671627,-0.4850386521896697,0.16219911403366843,-0.6898571431875808,-0.3813785198163218,0.31204383957802917,-1.371385640645023,1,0,1,0,0,1
27,0.7718891038856254,-0.4747151547305851,0.5853887745578121,0.21140777301684474,-0.09090001741737401,-0.14197615085423837,-1.345573963284274,0,1,1,1,1,1
28,-0.23864559999351267,-0.5387208389769091,-0.007076750175989039,-1.1302479545147432,4.2662775185668425,-0.5959961412865059,-1.345573963284274,1,0,0,1,0,1
29,1.7824238077647634,-0.5283973415178247,-0.6841802070146189,-0.6488905560873797,-0.18772618488369003,-1.0500161317187735,-1.345573963284274,0,1,0,1,1,1
30,2.7929585116439015,0.0001657283873030107,-0.007076750175989039,7.535660178453291e-09,0.4222786701541004,-0.5959961412865059,-1.3326681246038994,0,1,1,1,0,1
31,2.0350574837345476,-0.5769177795755219,0.5853887745578121,0.9897729279206668,1.5551448295099968,-1.0500161317187735,-1.3197622859235247,0,0,0,1,0,1
32,-0.9123354025796047,-0.34360673700021166,-0.26099054649047526,0.5698654101436049,-0.3813785198163218,-1.9580561125833087,-1.3197622859235247,1,1,1,0,0,1
33,-0.9123354025796047,-0.4365182141319724,-0.6841802070146189,0.39575741496774997,-0.18772618488369003,0.31204383957802917,-1.30685644724315,1,1,0,0,0,0
34,0.35083297726931784,-0.5036209476160218,1.0085784350819558,-0.7717903173879831,-0.3813785198163218,0.7660638300102968,-1.30685644724315,0,1,1,1,0,1
35,0.6876778785623638,0.0001657283873030107,-0.26099054649047526,-0.3621244463859715,2.0392756668415766,-0.5959961412865059,-1.2939506085627754,0,1,0,1,0,1
36,2.4561136103508554,-0.5387208389769091,1.0085784350819558,-0.3826077399360721,-0.3813785198163218,-0.5959961412865059,-1.2939506085627754,1,1,0,1,0,1
37,1.7824238077647634,0.28199720902031056,1.0085784350819558,0.5903487036937055,-0.3813785198163218,1.9011138060909656,-1.2939506085627754,1,1,1,0,0,1
38,-0.07022314934698967,2.1412591014014337,-0.6841802070146189,0.42648235529290085,0.8773616572457851,0.0850338443618954,-1.2939506085627754,0,1,0,1,0,0
39,-0.07022314934698967,-0.35805963344293,-0.007076750175989039,0.6722818778941078,1.5551448295099968,1.2200838204425644,-1.2939506085627754,0,1,0,0,0,1
40,0.7718891038856254,0.0001657283873030107,-1.5305595280629063,7.535660178453291e-09,0.4222786701541004,-0.5959961412865059,-1.281044769882401,0,0,1,1,1,1
41,-0.9123354025796047,-0.47265045523876825,-0.6841802070146189,-1.1302479545147432,-0.18772618488369003,-0.14197615085423837,-1.2681389312020264,0,1,1,0,1,1
42,0.7718891038856254,-0.011190118817689967,0.5853887745578121,-0.802515257713134,-0.18772618488369003,0.5390538347941629,-1.2552330925216517,0,1,1,1,1,1
43,0.9403115545321483,-0.4695534060010429,1.0085784350819558,-0.4645409141364744,-0.3813785198163218,-0.5959961412865059,-1.2552330925216517,0,1,1,1,0,0
44,-0.07022314934698967,0.006359826862753726,1.8549577561302433,-0.7103404367376814,-0.2845523523500058,1.2200838204425644,-1.2552330925216517,1,1,0,0,0,1
45,-0.9123354025796047,0.0001657283873030107,-0.007076750175989039,0.47769058916815227,0.4900569873805214,-0.36898614607037217,-1.2294214151609024,0,1,0,1,1,1
46,-0.8281241772563431,0.8239808256222481,-1.1073698675387627,0.07826636494119096,-0.47820468728263776,-1.504036122151041,-1.1907038991197787,0,0,1,1,0,1
47,-0.07022314934698967,0.0001657283873030107,-0.007076750175989039,1.9217627844502432,-0.7686831896815856,0.31204383957802917,-1.1648922217590294,0,1,1,1,1,1
48,1.6140013571182403,-0.029772414244042113,-1.5305595280629063,-1.2633893625903971,2.91071117403842,-0.8230061365026398,-1.151986383078655,1,0,1,1,0,1
49,-0.3228568253167742,-0.46748870650922597,-0.6841802070146189,1.3482305650474269,-0.3813785198163218,0.7660638300102968,-1.1390805443982803,1,0,0,0,0,1
50,0.6034666532391023,-0.004996020342239252,-1.1073698675387627,-0.9971065464390895,-0.3813785198163218,0.31204383957802917,-1.1261747057179057,1,0,1,1,0,1
51,-0.6597017266098202,-0.5067179968537472,-1.5305595280629063,1.5837884408735836,0.005926150048941781,0.5390538347941629,-1.1261747057179057,1,0,1,0,0,1
52,-0.07022314934698967,3.4915725690496897,2.0242336203399005,7.535660178453291e-09,5.234539193230002,2.1281238013070993,-1.1261747057179057,0,1,0,0,0,1
53,0.7718891038856254,-0.5294296912637331,1.0085784350819558,0.8975981069452141,-0.3813785198163218,-0.5959961412865059,-1.113268867037531,1,1,1,0,0,1
54,-0.07022314934698967,-0.3322508897952187,-0.007076750175989039,-0.08559998345961368,0.7805354897794694,-1.0500161317187735,-1.1003630283571564,1,1,0,0,1,1
55,2.8771697369671627,-0.21766006799938048,-0.6841802070146189,2.0241792522007462,0.5868831548468374,-1.0500161317187735,-1.0358338349552836,1,0,0,1,0,1
56,0.7718891038856254,-0.5232355927882824,-0.26099054649047526,-0.413332680261223,1.264666327111049,0.31204383957802917,-0.9842104802337851,1,0,0,1,1,0
57,-0.07022314934698967,0.025974472035014323,0.16219911403366843,-0.485024207686575,-0.7686831896815856,0.31204383957802917,-0.9842104802337851,1,0,0,1,1,0
58,-0.9965466279028662,0.2138621257903527,-1.5305595280629063,0.5698654101436049,-0.2845523523500058,-0.14197615085423837,-0.9713046415534105,0,0,1,1,1,1
59,0.9403115545321483,-0.22488651622073963,-1.5305595280629063,-0.09584163023466398,-0.09090001741737401,-0.14197615085423837,-0.9196812868319121,0,1,1,1,1,1
60,-1.3333915291959122,7.350495919255485,-1.1073698675387627,1.2970223311721756,-0.3813785198163218,0.5390538347941629,-0.9067754481515374,0,1,1,1,0,1
61,-0.9123354025796047,-0.27237460453252843,0.16219911403366843,-0.485024207686575,0.8773616572457851,-1.2770261269349072,-0.9067754481515374,0,0,1,0,0,1
62,-0.4912792759632972,-0.48813570142739504,-0.26099054649047526,-0.09584163023466398,-0.2845523523500058,0.5390538347941629,-0.9067754481515374,0,0,0,1,1,0
63,-1.3333915291959122,0.0001657283873030107,-0.26099054649047526,1.245814097296924,-0.3813785198163218,1.9011138060909656,-0.8938696094711629,0,0,0,1,0,1
64,-1.3333915291959122,0.0001657283873030107,3.547716398226818,7.535660178453291e-09,-0.20709141837695322,0.0850338443618954,-0.8680579321104136,0,0,0,0,0,0
65,-0.07022314934698967,-0.5304620410096416,-1.5305595280629063,-1.4784639448664532,1.4583186620436808,-2.185066107799442,-0.8551520934300391,0,0,0,1,1,1
66,-1.5860252051656967,-0.3425743872543032,-1.95374918858705,-0.5157491480117259,-0.09090001741737401,-0.14197615085423837,-0.8422462547496644,1,1,0,0,0,1
67,0.9403115545321483,-0.48710335168148655,-1.1073698675387627,0.10899130526634183,-0.3813785198163218,0.7660638300102968,-0.8422462547496644,1,0,0,1,1,1
68,0.7718891038856254,-0.43445351464015547,-1.1073698675387627,-0.1982580979851669,-0.18772618488369003,1.2200838204425644,-0.8293404160692899,0,0,0,0,0,1
69,0.35083297726931784,-0.4840063024437612,-1.1073698675387627,2.3928785361025566,0.4222786701541004,-0.36898614607037217,-0.8164345773889152,0,1,0,1,0,1
70,-1.670236430488958,-0.4478740613369654,0.16219911403366843,1.1331559827713709,-0.5750308547489537,0.7660638300102968,-0.8035287387085406,0,0,0,1,1,0
71,-0.23864559999351267,0.0001657283873030107,-0.26099054649047526,-1.4477390045413023,-0.47820468728263776,0.5390538347941629,-0.7648112226674169,0,1,0,1,1,0
72,2.0350574837345476,5.471619381702101,-0.26099054649047526,-0.20849974476021718,-0.3813785198163218,-1.0500161317187735,-0.7519053839870422,0,0,0,1,1,1
73,0.35083297726931784,-0.369415480647923,1.0085784350819558,-1.1712145416149444,-0.09090001741737401,0.0850338443618954,-0.7519053839870422,0,1,0,1,1,0
74,0.6876778785623638,0.0001657283873030107,-1.5305595280629063,0.027058131065939506,-0.18772618488369003,-0.5959961412865059,-0.7389995453066677,0,0,0,1,1,1
75,-0.07022314934698967,-0.5521413856737191,-1.5305595280629063,-0.6079239689871785,-0.6718570222152697,0.5390538347941629,-0.7389995453066677,1,0,0,1,1,1
76,0.7718891038856254,-0.5056856471078387,1.8549577561302433,0.5493821165935043,-0.5750308547489537,0.7660638300102968,-0.726093706626293,0,0,1,0,1,0
77,-1.5860252051656967,-0.4953621496487542,0.16219911403366843,-0.2699496254105189,-0.18772618488369003,0.7660638300102968,-0.726093706626293,0,1,0,1,0,0
78,1.1929452305019328,-0.3910948253120005,-0.007076750175989039,0.20116612624179445,-0.7686831896815856,-1.2770261269349072,-0.726093706626293,1,1,1,1,1,0
79,-0.4912792759632972,-0.2537923091061763,0.5853887745578121,0.6210736440188563,-0.47820468728263776,0.7660638300102968,-0.726093706626293,0,0,1,0,0,0
80,0.7718891038856254,-0.5294296912637331,0.16219911403366843,0.30358259399229737,0.2964046524478896,-0.14197615085423837,-0.7131878679459184,0,0,0,0,0,0
81,0.5192554279158408,0.0001657283873030107,1.0085784350819558,7.535660178453291e-09,-0.20709141837695322,0.0850338443618954,-0.7002820292655438,0,0,0,1,1,0
82,-0.07022314934698967,-0.522203243042374,-1.1073698675387627,-0.6898571431875808,1.071013992178417,-1.0500161317187735,-0.6873761905851692,1,1,0,0,0,1
83,1.529790131794979,-0.5438825877064515,1.0085784350819558,-0.9356566657887878,0.3932308199142056,-0.8230061365026398,-0.6744703519047947,1,0,1,1,0,0
84,-0.15443437467025117,-0.31160389487704965,-1.1073698675387627,0.39575741496774997,-0.3813785198163218,0.9930738252264305,-0.6744703519047947,1,1,1,0,0,1
85,-0.8281241772563431,-0.520138543550557,1.0085784350819558,1.46088867957298,-0.6718570222152697,0.7660638300102968,-0.66156451322442,0,0,0,1,0,0
86,-0.4912792759632972,-0.5521413856737191,-0.26099054649047526,-0.9254150190137375,-0.2845523523500058,0.0850338443618954,-0.66156451322442,0,0,1,1,0,0
87,0.35083297726931784,-0.5304620410096416,1.8549577561302433,0.41624070851785056,-0.5750308547489537,0.7660638300102968,-0.66156451322442,1,1,1,1,0,0
88,-1.4176027545191736,-0.5139444450751064,0.16219911403366843,-0.2904329189606195,-0.6718570222152697,0.5390538347941629,-0.66156451322442,0,1,1,1,0,0
89,-0.3228568253167742,-0.4819416029519443,-1.1073698675387627,-0.8434818448133352,-0.2845523523500058,1.6741038108748318,-0.66156451322442,1,0,1,1,0,0
90,0.7718891038856254,-0.5325267405014584,0.5853887745578121,-0.14704986410991544,-0.5750308547489537,-0.14197615085423837,-0.6486586745440454,0,1,0,1,1,0
91,-0.07022314934698967,0.32535589834846557,0.5853887745578121,0.3445491810924985,-0.3813785198163218,-0.8230061365026398,-0.6486586745440454,0,1,0,1,0,0
92,-1.5860252051656967,0.0001657283873030107,1.8549577561302433,7.535660178453291e-09,-0.20709141837695322,0.0850338443618954,-0.6228469971832962,0,0,0,0,0,0
93,-0.07022314934698967,-0.4416799628615147,-1.1073698675387627,-0.5464740883368767,0.2964046524478896,-0.36898614607037217,-0.6228469971832962,1,0,0,1,0,1
94,-0.23864559999351267,-0.4520034603205992,-0.007076750175989039,0.6517985843440072,-0.6718570222152697,1.2200838204425644,-0.6099411585029216,0,1,1,0,0,0
95,-0.23864559999351267,-0.4633593075255922,1.8549577561302433,-0.4542992673614241,-0.3813785198163218,0.9930738252264305,-0.6099411585029216,1,0,1,1,0,0
96,0.18241052662279483,-0.07003405433447175,-1.1073698675387627,-0.09584163023466398,-0.09090001741737401,-0.5959961412865059,-0.6099411585029216,1,1,1,1,0,0
97,0.7718891038856254,-0.5397531887228176,1.8549577561302433,-0.08559998345961368,-0.2845523523500058,-0.14197615085423837,-0.5841294811421724,1,0,0,0,0,0
98,-0.07022314934698967,-0.43961526336969775,-1.1073698675387627,0.5596237633685546,-0.18772618488369003,0.0850338443618954,-0.5841294811421724,1,1,1,0,0,0
99,0.18241052662279483,-0.5376884892310008,0.16219911403366843,-0.43381597381132353,-0.2845523523500058,0.7660638300102968,-0.5712236424617978,1,1,0,0,0,0
100,0.35083297726931784,-0.28579515122933835,-1.1073698675387627,0.3547908278675488,-0.2845523523500058,0.9930738252264305,-0.5583178037814231,1,0,0,1,0,0
101,1.1929452305019328,0.0001657283873030107,0.5853887745578121,7.535660178453291e-09,-0.20709141837695322,0.0850338443618954,-0.5583178037814231,0,0,1,1,0,0
102,1.6140013571182403,0.326388248094374,-1.1073698675387627,-1.1712145416149444,-0.2845523523500058,1.6741038108748318,-0.5583178037814231,0,0,0,1,1,0
103,-1.5860252051656967,4.776848002705712,-0.6841802070146189,-0.3826077399360721,-0.3813785198163218,0.7660638300102968,-0.5583178037814231,0,0,0,1,1,0
104,-0.07022314934698967,-0.5459472871982683,1.0085784350819558,0.2318910665669453,0.8773616572457851,1.447093815658698,-0.5583178037814231,0,0,1,0,0,0
105,0.9403115545321483,-0.2620511070734439,-0.6841802070146189,3.6628427362087925,0.2964046524478896,0.31204383957802917,-0.5454119651010486,1,0,1,0,1,1
106,-0.4912792759632972,0.17153578620810614,0.5853887745578121,-0.003666809259211363,-0.09090001741737401,0.0850338443618954,-0.5454119651010486,0,0,0,1,0,0
107,-1.3333915291959122,1.3360262995928407,-0.26099054649047526,-0.3826077399360721,-0.47820468728263776,0.31204383957802917,-0.5454119651010486,1,1,0,1,0,0
108,0.18241052662279483,0.3656175384388952,-0.007076750175989039,0.41624070851785056,-0.2845523523500058,-0.8230061365026398,-0.5454119651010486,0,0,0,1,1,0
109,-1.3333915291959122,-0.2992156979261482,-0.26099054649047526,6.00817984769531,-0.09090001741737401,1.2200838204425644,-0.5454119651010486,0,1,0,1,1,0
110,2.0350574837345476,-0.46748870650922597,1.8549577561302433,0.43672400206795114,-0.18772618488369003,-1.0500161317187735,-0.5196002877402994,0,0,0,1,1,1
111,-0.4912792759632972,-0.5387208389769091,-0.26099054649047526,-0.3621244463859715,-0.18772618488369003,-0.36898614607037217,-0.5196002877402994,0,0,0,1,1,0
112,-0.9123354025796047,-0.21972476749119738,-1.1073698675387627,-0.11632492378476456,0.1995784849815738,-0.14197615085423837,-0.5196002877402994,0,1,0,1,0,0
113,0.7718891038856254,-0.4530358100665076,1.8549577561302433,0.8975981069452141,-0.09090001741737401,0.0850338443618954,-0.5196002877402994,1,0,0,0,0,1
114,-0.07022314934698967,0.17772988468355685,0.16219911403366843,0.6620402311190575,-0.18772618488369003,-2.412076103015576,-0.5066944490599248,1,1,1,1,0,0
115,-0.23864559999351267,-0.18772192536803534,0.16219911403366843,-1.01758983998919,-0.3813785198163218,0.5390538347941629,-0.5066944490599248,1,0,0,0,0,0
116,-0.07022314934698967,-0.501556248124205,1.8549577561302433,0.07826636494119096,-0.6718570222152697,-0.14197615085423837,-0.467976933018801,1,1,1,0,0,0
117,2.0350574837345476,-0.4953621496487542,1.8549577561302433,2.4952950038530597,1.7487971644426288,0.31204383957802917,-0.467976933018801,1,0,0,0,0,0
118,0.35083297726931784,-0.4840063024437612,1.8549577561302433,-0.6181656157622287,-0.47820468728263776,0.7660638300102968,-0.467976933018801,1,1,1,0,0,0
119,2.1192687090578093,0.0001657283873030107,-0.007076750175989039,7.535660178453291e-09,0.4222786701541004,-0.5959961412865059,-0.45507109433842635,0,0,0,0,0,1
120,-0.07022314934698967,0.16017993900311314,1.8549577561302433,-0.5464740883368767,0.10275231751525779,-0.36898614607037217,-0.45507109433842635,1,0,1,1,1,0
121,0.4350442025925793,-0.5304620410096416,-0.007076750175989039,-1.0380731335392908,-0.3813785198163218,-0.14197615085423837,-0.45507109433842635,1,1,1,0,0,0
122,-0.07022314934698967,-0.501556248124205,-0.007076750175989039,-0.3621244463859715,-0.6234439384821117,0.7660638300102968,-0.45507109433842635,0,1,0,0,0,0
123,-0.07022314934698967,0.0001657283873030107,-0.6841802070146189,-1.3965307706660508,-0.47820468728263776,1.9011138060909656,-0.45507109433842635,1,0,1,0,0,0
124,-0.07022314934698967,0.0001657283873030107,0.16219911403366843,-0.4747825609115247,2.2329280017742086,-0.5959961412865059,-0.44216525565805176,0,0,0,1,0,1
125,-1.5018139798424353,-0.23108061469619035,1.0085784350819558,-0.2699496254105189,-0.09090001741737401,-0.36898614607037217,-0.42925941697767717,1,0,0,0,0,0
126,-1.2491803038726508,-0.4272270664187963,-1.7844733243773925,0.07826636494119096,0.6837093223131534,-2.866096093447844,-0.39054190093655333,0,1,1,0,0,1
127,-0.23864559999351267,-0.3941918745497259,1.8549577561302433,0.3752741214176494,-0.5750308547489537,0.0850338443618954,-0.33891854621505496,1,1,0,0,0,0
128,0.013988075976271821,-0.34463908674612015,-0.6841802070146189,0.0372997778409898,-0.6718570222152697,-0.14197615085423837,-0.33891854621505496,0,0,1,1,1,0
129,-0.6597017266098202,-0.32192739233613415,-0.26099054649047526,-0.3723660931610218,1.9424494993752601,1.9011138060909656,-0.32601270753468037,1,1,0,1,0,0
130,-0.6597017266098202,1.2658265168710658,1.8549577561302433,-0.14704986410991544,-0.6718570222152697,0.31204383957802917,-0.3131068688543057,1,0,1,1,1,0
131,-0.07022314934698967,0.5163406013415293,0.5853887745578121,-0.13680821733486515,4.55675602096579,-1.2770261269349072,-0.3002010301739311,1,1,0,1,0,0
132,-1.2491803038726508,0.141597643576761,0.16219911403366843,7.535660178453291e-09,-0.20709141837695322,0.0850338443618954,-0.3002010301739311,0,0,1,0,0,0
133,0.18241052662279483,-0.401418322771085,1.8549577561302433,0.3240658875423979,-0.09090001741737401,1.9011138060909656,-0.3002010301739311,0,0,1,1,1,0
134,1.6982125824415018,4.086206022692958,-0.26099054649047526,-0.33139950606082064,-0.20709141837695322,0.0850338443618954,-0.3002010301739311,0,0,0,1,1,0
135,1.1929452305019328,0.0001657283873030107,0.16219911403366843,7.535660178453291e-09,-0.20709141837695322,0.0850338443618954,-0.3002010301739311,0,0,0,1,0,0
136,0.35083297726931784,-0.5397531887228176,1.8549577561302433,-0.9356566657887878,-0.47820468728263776,0.0850338443618954,-0.3002010301739311,1,1,0,0,0,0
137,0.6034666532391023,0.06623611212544397,-1.1073698675387627,0.42648235529290085,0.6837093223131534,-1.504036122151041,-0.28729519149355653,1,0,0,1,0,0
138,0.09819930129953332,-0.3105715451311412,-0.26099054649047526,-0.43381597381132353,-0.3813785198163218,-0.14197615085423837,-0.28729519149355653,0,1,0,0,0,0
139,-0.9123354025796047,0.9974155829348681,-0.6841802070146189,-0.5362324415618265,-0.5750308547489537,0.31204383957802917,-0.28729519149355653,0,0,1,1,0,0
140,1.6140013571182403,0.2303797217248879,-0.007076750175989039,7.535660178453291e-09,-0.2845523523500058,-0.5959961412865059,-0.27438935281318194,0,0,0,1,0,1
141,-1.2491803038726508,-0.30024804767205665,-0.26099054649047526,0.8668731666200633,-0.47820468728263776,0.7660638300102968,-0.27438935281318194,1,0,0,0,0,0
142,-0.9123354025796047,-0.10306924620354224,-0.6841802070146189,0.6722818778941078,-0.47820468728263776,-1.0500161317187735,-0.27438935281318194,0,1,0,0,0,0
143,0.013988075976271821,-0.5139444450751064,0.16219911403366843,-0.3518827996109212,-0.47820468728263776,0.9930738252264305,-0.26148351413280735,1,0,1,0,0,0
144,0.9403115545321483,0.37284398666025437,-1.1073698675387627,0.7644566988695604,0.2964046524478896,0.5390538347941629,-0.24857767545243273,1,0,1,1,1,1
145,-0.9123354025796047,-0.4096771207383526,-0.6841802070146189,0.027058131065939506,-0.6718570222152697,0.9930738252264305,-0.23567183677205814,0,0,0,1,1,0
146,-0.7439129519330817,-0.4643916572715006,-0.6841802070146189,-0.4645409141364744,-0.6718570222152697,-0.14197615085423837,-0.23567183677205814,0,0,0,1,1,0
147,0.2666217519460563,1.0614212671811922,1.8549577561302433,-0.21874139153526745,-0.3813785198163218,0.0850338443618954,-0.22276599809168354,0,0,0,1,0,0
148,1.1929452305019328,0.0001657283873030107,-0.6841802070146189,-0.3928493867111224,0.4222786701541004,-0.5959961412865059,-0.22276599809168354,1,0,0,1,0,1
149,-0.07022314934698967,1.7334809517675949,-0.26099054649047526,-0.3621244463859715,-0.47820468728263776,-0.14197615085423837,-0.19695432073093433,0,0,1,1,0,0
150,0.9403115545321483,-0.36012433293474694,0.5853887745578121,-0.2904329189606195,1.071013992178417,-0.36898614607037217,-0.19695432073093433,0,0,1,0,0,1
151,0.09819930129953332,-0.5696913313541627,1.8549577561302433,-0.1982580979851669,-0.47820468728263776,0.5390538347941629,-0.17114264337018512,0,1,1,1,0,0
152,-0.9123354025796047,-0.4819416029519443,0.5853887745578121,-0.8127569044881843,-0.47820468728263776,-0.5959961412865059,-0.15823680468981052,0,0,1,1,1,0
153,-0.9123354025796047,1.3050558072155871,-0.26099054649047526,7.535660178453291e-09,-0.20709141837695322,0.0850338443618954,-0.1453309660094359,0,1,0,1,1,0
154,0.35083297726931784,-0.2548246588520848,-0.26099054649047526,-0.2904329189606195,-0.5750308547489537,-0.14197615085423837,-0.1324251273290613,1,0,1,0,0,0
155,-0.07022314934698967,-0.3621890324265638,-1.1073698675387627,-0.7103404367376814,0.2964046524478896,0.7660638300102968,-0.1324251273290613,1,1,0,1,0,0
156,-0.7439129519330817,-0.5407855384687261,-0.26099054649047526,0.1397162455914927,0.005926150048941781,-0.14197615085423837,-0.1324251273290613,1,0,0,0,0,0
157,-0.9123354025796047,-0.3425743872543032,-1.1073698675387627,-0.013908456034261654,-0.3813785198163218,-0.14197615085423837,-0.1324251273290613,0,0,0,1,1,0
158,2.0350574837345476,0.33877644504527543,1.0085784350819558,-0.2904329189606195,-0.09090001741737401,-0.5959961412865059,-0.11951928864868672,1,0,0,1,0,0
159,-0.15443437467025117,-0.46748870650922597,0.5853887745578121,1.0102562214707673,-0.2845523523500058,0.5390538347941629,-0.11951928864868672,1,0,1,1,1,0
160,0.4350442025925793,-0.5263326420260077,0.16219911403366843,-0.21874139153526745,-0.18772618488369003,-0.5959961412865059,-0.11951928864868672,1,0,1,1,0,0
161,-1.3333915291959122,-0.46645635676331754,-0.26099054649047526,-0.9151733722386872,-0.5750308547489537,0.5390538347941629,-0.11951928864868672,1,0,0,1,1,0
162,0.18241052662279483,0.0001657283873030107,0.16219911403366843,1.8910378441250923,-0.47820468728263776,0.0850338443618954,-0.0937076112879375,1,0,0,1,1,0
163,-0.9123354025796047,1.8088424832189118,-0.26099054649047526,-1.929096402968666,-0.47820468728263776,1.2200838204425644,-0.0549900952468137,1,1,0,0,0,1
164,-1.3333915291959122,1.9203362557770247,-0.6841802070146189,0.7234901117693593,-0.2845523523500058,0.5390538347941629,-0.01627257920568989,0,1,0,1,0,1
165,1.6140013571182403,0.2004415790935428,-0.007076750175989039,-0.730823730287782,-0.09090001741737401,-0.36898614607037217,-0.003366740525315289,0,1,1,0,0,1
166,-0.6597017266098202,-0.39832127353335967,1.8549577561302433,-0.4440576205863738,-0.6718570222152697,-0.8230061365026398,0.04825661419618312,0,0,0,1,1,0
167,-0.15443437467025117,-0.5325267405014584,-1.5305595280629063,-1.9803046368439174,0.9741878247121011,-0.5959961412865059,0.06116245287655772,0,1,0,1,0,1
168,0.35083297726931784,0.0001657283873030107,0.16219911403366843,0.06802471816614067,-0.3813785198163218,0.31204383957802917,0.12569164627843074,0,1,0,0,0,0
169,0.7718891038856254,0.2613502141021415,-0.26099054649047526,0.42648235529290085,-0.5750308547489537,-0.8230061365026398,0.19022083968030373,0,0,1,0,0,0
170,-0.8281241772563431,0.0001657283873030107,-0.26099054649047526,7.535660178453291e-09,0.10275231751525779,-0.14197615085423837,0.19022083968030373,1,1,0,1,1,0
171,-0.7439129519330817,3.4936372685415065,0.16219911403366843,0.6313152907939066,-0.47820468728263776,0.7660638300102968,0.20312667836067835,0,0,0,1,1,0
172,0.7718891038856254,-0.42413001718107096,1.8549577561302433,-0.8946900786885866,-0.2845523523500058,1.9011138060909656,0.20312667836067835,1,0,1,1,1,0
173,-0.9123354025796047,-0.4819416029519443,-1.5305595280629063,-0.7615486706129329,-0.5750308547489537,0.5390538347941629,0.20312667836067835,1,0,0,1,0,0
174,0.35083297726931784,-0.39625657404154274,-0.26099054649047526,0.18068283269169386,-0.47820468728263776,0.0850338443618954,0.20312667836067835,0,1,1,1,1,0
175,-0.07022314934698967,-0.5025885978701133,1.8549577561302433,0.7542150520945101,-0.3813785198163218,0.31204383957802917,0.20312667836067835,1,0,0,1,1,0
176,0.6876778785623638,0.8642424657126777,0.16219911403366843,-1.6218469997171572,-0.3813785198163218,-0.36898614607037217,0.21603251704105295,0,0,0,1,1,0
177,-0.9965466279028662,-0.5294296912637331,1.0085784350819558,-1.3453225367907995,-0.3813785198163218,0.7660638300102968,0.21603251704105295,1,0,0,0,0,0
178,0.18241052662279483,-0.4747151547305851,1.8549577561302433,0.0372997778409898,-0.18772618488369003,1.9011138060909656,0.21603251704105295,1,1,0,1,0,0
179,-0.4912792759632972,0.2613502141021415,0.16219911403366843,0.1601995391415933,-0.6718570222152697,0.7660638300102968,0.21603251704105295,0,0,0,1,1,0
180,-1.7544476558122197,-0.10719864518717605,-0.6841802070146189,0.40599906174280026,-0.47820468728263776,-0.14197615085423837,0.22893835572142757,0,1,0,1,0,0
181,-0.15443437467025117,-0.4189682684515287,-1.1073698675387627,-0.43381597381132353,-0.3813785198163218,-0.14197615085423837,0.25475003308217675,1,1,0,1,1,1
182,0.35083297726931784,-0.19288367409757762,-1.1073698675387627,0.01681648429088922,-0.18772618488369003,-0.14197615085423837,0.3063733878036752,0,1,0,1,1,1
183,1.1929452305019328,-0.49845919888647955,-0.007076750175989039,-0.4030910334861727,1.071013992178417,-0.5959961412865059,0.409620097246672,0,0,1,1,0,1
184,-0.23864559999351267,-0.45097111057469075,-1.1073698675387627,-0.4542992673614241,-0.18772618488369003,0.0850338443618954,0.5128668066896688,1,0,0,1,1,1
185,-0.014054262056374124,-0.49329745015693727,-0.6841802070146189,1.2867806843971252,0.10275231751525779,-0.14197615085423837,0.5257726453700434,1,1,0,1,0,1
186,-0.9123354025796047,0.0001657283873030107,1.0085784350819558,-1.1302479545147432,-0.7686831896815856,-0.5959961412865059,0.538678484050418,0,0,0,0,0,1
187,-0.07022314934698967,1.3566732945110098,-1.1073698675387627,1.0409811617959182,0.6837093223131534,1.6741038108748318,0.538678484050418,0,1,0,0,0,1
188,-0.014054262056374124,-0.44477701209924003,0.16219911403366843,-0.6386489093123293,-0.3813785198163218,-0.14197615085423837,0.538678484050418,1,1,1,0,0,0
189,-1.7544476558122197,-0.34876848572975394,0.5853887745578121,0.11923295204139212,-0.47820468728263776,0.7660638300102968,0.5644901614111673,0,0,1,0,0,0
190,1.6140013571182403,0.0001657283873030107,-0.26099054649047526,0.8873564601701639,0.6837093223131534,-0.5959961412865059,0.5644901614111673,0,1,0,1,0,0
191,0.2666217519460563,-0.5366561394850923,1.8549577561302433,0.467448942393102,0.10275231751525779,-0.36898614607037217,0.5644901614111673,1,0,0,0,0,0
192,-0.9123354025796047,-0.4757475044764936,0.16219911403366843,-0.03439174958436223,-0.6718570222152697,-1.504036122151041,0.5773960000915418,1,1,0,1,0,0
193,1.0245227798554097,-0.3621890324265638,-0.6841802070146189,-1.0585564270893912,-0.20709141837695322,1.2200838204425644,0.6419251934934148,1,1,0,1,1,0
194,-1.3333915291959122,0.0001657283873030107,-1.5305595280629063,-1.4067724174411012,0.1995784849815738,-0.36898614607037217,0.6419251934934148,0,0,1,1,0,1
195,1.3613676811484559,-0.1691396299416832,0.5853887745578121,-0.413332680261223,0.3932308199142056,1.9011138060909656,0.6419251934934148,1,0,0,1,0,1
196,-1.3333915291959122,0.0001657283873030107,-0.007076750175989039,7.535660178453291e-09,-0.20709141837695322,0.0850338443618954,0.7064543868952878,0,1,1,0,0,0
197,0.35083297726931784,-0.42825941616470475,-0.6841802070146189,-0.044633396359412526,-0.5750308547489537,0.31204383957802917,0.7193602255756625,0,0,0,0,0,0
198,-0.9123354025796047,0.0001657283873030107,-1.5305595280629063,0.1601995391415933,-0.3813785198163218,-0.5959961412865059,0.7193602255756625,1,1,1,0,0,0
199,-0.07022314934698967,0.6495137185637196,-0.26099054649047526,7.535660178453291e-09,0.3932308199142056,-5.3632060408253155,0.7193602255756625,0,1,0,1,1,0
200,0.18241052662279483,1.2235001772888194,0.5853887745578121,-1.9495796965187666,-0.6718570222152697,0.0850338443618954,0.7193602255756625,1,0,0,1,0,0
201,-1.3333915291959122,-0.282698101991613,1.8549577561302433,1.1638809230965217,-0.3813785198163218,-0.14197615085423837,0.7193602255756625,0,1,1,1,0,0
202,0.7718891038856254,-0.5005238983782965,1.8549577561302433,-0.4440576205863738,-0.47820468728263776,0.31204383957802917,0.7193602255756625,0,0,1,1,0,0
203,-0.07022314934698967,-0.5397531887228176,-1.1073698675387627,-0.5259907947867761,2.0392756668415766,-0.14197615085423837,0.732266064256037,0,0,1,1,1,0
204,1.4455789064717173,-0.5345914399932754,0.16219911403366843,0.1397162455914927,-0.6718570222152697,0.0850338443618954,0.732266064256037,1,0,0,1,1,0
205,-0.9123354025796047,-0.42825941616470475,0.5853887745578121,1.0102562214707673,-0.3813785198163218,-0.14197615085423837,0.732266064256037,1,1,0,0,0,0
206,-1.7544476558122197,-0.4963944993946626,0.16219911403366843,-0.3826077399360721,-0.5750308547489537,0.9930738252264305,0.732266064256037,1,0,0,0,0,0
207,2.0350574837345476,-0.38180367759882444,-0.007076750175989039,-0.7922736109380837,-0.47820468728263776,-0.14197615085423837,0.732266064256037,0,0,0,1,0,0
208,-0.07022314934698967,1.754127946685764,0.16219911403366843,0.20116612624179445,-0.3813785198163218,0.9930738252264305,0.732266064256037,1,1,0,0,0,0
209,-0.9965466279028662,0.4027821292915995,-0.26099054649047526,0.047541424616040086,-0.5750308547489537,-1.504036122151041,0.732266064256037,0,1,1,0,0,0
210,0.7718891038856254,-0.38180367759882444,-1.7844733243773925,1.2867806843971252,-0.3813785198163218,-0.14197615085423837,0.7451719029364117,0,1,1,1,1,0
211,-0.9123354025796047,0.0001657283873030107,2.0242336203399005,-1.1916978351650451,-0.5750308547489537,0.7660638300102968,0.79679525765791,0,0,1,1,1,0
212,1.4455789064717173,-0.369415480647923,1.0085784350819558,2.229012187701752,0.005926150048941781,0.31204383957802917,0.79679525765791,0,0,0,1,1,0
213,-1.0807578532261277,-0.46542400701740905,-0.6841802070146189,-0.1982580979851669,0.1995784849815738,-1.504036122151041,0.8097010963382847,1,1,1,0,0,1
214,0.35083297726931784,-0.46129460803377526,-0.26099054649047526,0.2728576536671465,-0.5750308547489537,-0.5959961412865059,0.8226069350186592,1,0,1,1,0,0
215,1.0245227798554097,0.0001657283873030107,-0.26099054649047526,-0.6181656157622287,-0.09090001741737401,-0.5959961412865059,0.8355127736990339,0,0,1,1,0,0
216,0.7718891038856254,0.6402225708505436,1.0085784350819558,0.9692896343705663,-0.47820468728263776,0.9930738252264305,0.8484186123794084,0,0,1,0,0,0
217,-0.5754905012865587,-0.15984848222850712,2.7013370771785308,-1.150731248064844,7.364714877488953,0.0850338443618954,0.8484186123794084,1,0,1,0,0,1
218,0.6034666532391023,0.45336726684111367,-0.26099054649047526,0.07826636494119096,-0.2845523523500058,-0.5959961412865059,0.8613244510597831,1,1,0,1,0,0
219,-0.4912792759632972,0.0001657283873030107,-0.26099054649047526,1.10243104244622,-0.6718570222152697,0.7660638300102968,0.8613244510597831,0,1,1,0,0,0
220,1.0245227798554097,0.0001657283873030107,-1.5305595280629063,7.535660178453291e-09,0.4222786701541004,-0.5959961412865059,0.8742302897401577,0,0,0,1,0,1
221,0.35083297726931784,-0.47884455371421897,1.0085784350819558,-0.7103404367376814,-0.2845523523500058,1.9011138060909656,0.9000419671009069,0,0,0,1,1,0
222,-1.5860252051656967,-0.5118797455832894,-0.26099054649047526,1.0409811617959182,-0.2845523523500058,0.5390538347941629,0.9129478057812814,1,0,0,1,1,0
223,-1.1649690785493891,0.0001657283873030107,-1.1073698675387627,-1.3658058303409,-0.5750308547489537,-0.5959961412865059,0.9129478057812814,0,0,0,1,0,0
224,-0.23864559999351267,0.0001657283873030107,-1.1073698675387627,2.4645700635279084,-0.3813785198163218,0.31204383957802917,0.9645711605027799,0,1,0,1,0,0
225,1.1929452305019328,0.09617425475678909,1.8549577561302433,0.01681648429088922,0.005926150048941781,-2.63908609823171,0.9645711605027799,0,1,0,0,0,0
226,-0.23864559999351267,-0.5418178882146345,-1.1073698675387627,-0.7615486706129329,-0.09090001741737401,-1.0500161317187735,0.9645711605027799,1,0,0,1,1,0
227,-0.4912792759632972,2.2837233663368,-0.26099054649047526,-1.2531477158153468,-0.3813785198163218,0.7660638300102968,0.9774769991831544,1,0,1,1,0,0
228,0.35083297726931784,-0.542850237960543,-1.1073698675387627,-0.2699496254105189,3.4916681788363153,-1.504036122151041,0.9903828378635291,0,0,0,0,0,0
229,0.9403115545321483,-0.3828360273447329,-1.1073698675387627,0.10899130526634183,-0.18772618488369003,-0.5959961412865059,0.9903828378635291,0,0,0,0,0,0
230,-0.07022314934698967,-0.42929176591061324,-0.6841802070146189,-2.06223781104432,0.2964046524478896,-2.185066107799442,0.9903828378635291,0,0,0,0,0,1
231,0.7718891038856254,-0.5046532973619303,-0.26099054649047526,-0.802515257713134,-0.2845523523500058,-0.5959961412865059,1.0032886765439037,0,0,0,1,1,0
232,-1.7544476558122197,-0.46748870650922597,-0.26099054649047526,-0.08559998345961368,-0.47820468728263776,0.0850338443618954,1.0161945152242784,1,0,0,1,0,0
233,-0.6597017266098202,0.12920944662585956,-0.007076750175989039,0.6825235246691581,0.005926150048941781,0.0850338443618954,1.0161945152242784,1,0,0,1,1,0
234,-0.6597017266098202,0.0001657283873030107,0.5853887745578121,0.42648235529290085,-0.2845523523500058,0.0850338443618954,1.0161945152242784,1,0,0,1,1,0
235,1.3613676811484559,-0.48813570142739504,1.0085784350819558,1.46088867957298,-0.2845523523500058,0.0850338443618954,1.0161945152242784,1,0,1,1,0,0
236,1.1929452305019328,-0.4778122039683105,1.0085784350819558,-0.1572915108849657,-0.2845523523500058,2.582143791739367,1.0161945152242784,0,0,1,1,0,0
237,0.7718891038856254,-0.36115668268065537,-0.6841802070146189,-0.9254150190137375,-0.18772618488369003,-1.0500161317187735,1.0291003539046528,0,0,0,1,0,0
238,0.35083297726931784,0.14262999332266946,0.16219911403366843,-0.06511668990951311,-0.3813785198163218,-0.14197615085423837,1.0291003539046528,1,1,0,0,0,0
239,-0.4912792759632972,-0.4148388694678949,0.5853887745578121,7.535660178453291e-09,-0.20709141837695322,0.0850338443618954,1.0420061925850275,1,0,0,1,1,0
240,0.7718891038856254,-0.5170414943128316,-0.26099054649047526,2.761577820004367,-0.09090001741737401,0.5390538347941629,1.0549120312654021,0,1,1,0,0,0
241,0.35083297726931784,0.0001657283873030107,-0.6841802070146189,-0.14704986410991544,-0.09090001741737401,-0.14197615085423837,1.0549120312654021,0,1,0,1,1,0
242,-1.7544476558122197,-0.5077503465996557,-0.26099054649047526,-0.08559998345961368,-0.2845523523500058,-0.14197615085423837,1.0549120312654021,0,0,0,1,1,0
243,1.0245227798554097,0.6226726251700999,0.16219911403366843,-0.4440576205863738,-0.47820468728263776,0.9930738252264305,1.0678178699457768,1,0,1,0,0,0
244,-0.5754905012865587,0.0001657283873030107,-0.007076750175989039,0.006574837515838927,0.3932308199142056,-0.5959961412865059,1.0678178699457768,0,1,0,1,0,0
245,0.013988075976271821,-0.5180738440587401,-0.007076750175989039,0.19092447946674415,0.005926150048941781,0.0850338443618954,1.0678178699457768,1,1,0,1,0,0
246,-0.4912792759632972,1.4815876137659325,-1.1073698675387627,0.5186571762683534,-0.2845523523500058,0.31204383957802917,1.0807237086261514,0,0,0,1,0,1
247,0.2666217519460563,-0.4530358100665076,-1.1073698675387627,-0.1777748044350663,0.9741878247121011,-0.36898614607037217,1.0807237086261514,0,0,0,1,0,0
248,-1.7544476558122197,0.043524417715458015,-0.26099054649047526,0.38551576819269967,-0.3813785198163218,1.2200838204425644,1.0807237086261514,0,0,0,1,1,0
249,-0.6597017266098202,-0.38696542632836667,0.16219911403366843,-0.413332680261223,-0.18772618488369003,-1.504036122151041,1.0807237086261514,0,1,0,0,0,0
250,-0.9123354025796047,2.0029242354497008,-0.6841802070146189,1.4404053860228796,-0.8655093571479014,0.5390538347941629,1.0807237086261514,0,0,1,0,0,0
251,-0.4912792759632972,-0.010157769071781514,-0.26099054649047526,-0.33139950606082064,-0.5750308547489537,1.447093815658698,1.0936295473065258,0,1,0,0,0,0
252,-0.9123354025796047,-0.3477361359838455,0.5853887745578121,0.10899130526634183,-0.3813785198163218,-0.8230061365026398,1.0936295473065258,0,0,1,1,0,0
253,0.7718891038856254,-0.5098150460914725,-0.26099054649047526,-0.2801912721855692,-0.18772618488369003,-1.0500161317187735,1.0936295473065258,0,1,1,0,0,0
254,-0.6597017266098202,-0.14023383705624654,1.8549577561302433,7.535660178453291e-09,-0.3813785198163218,0.5390538347941629,1.0936295473065258,1,0,1,1,0,0
255,-0.7439129519330817,-0.40348302226290195,-0.6841802070146189,0.7234901117693593,-0.3813785198163218,1.2200838204425644,1.1065353859869005,1,1,1,1,1,0
256,0.35083297726931784,-0.26411580656526085,-0.007076750175989039,0.31382424076734766,0.2964046524478896,0.5390538347941629,1.1581587407083989,0,0,0,0,0,0
257,-0.23864559999351267,-0.4643916572715006,-0.007076750175989039,-0.10608327700971426,-0.3813785198163218,0.5390538347941629,1.287217127512145,0,1,1,1,0,0
258,-1.3333915291959122,-0.5325267405014584,-1.1073698675387627,-0.31091621251072005,-0.5750308547489537,-0.36898614607037217,1.287217127512145,1,1,0,1,0,0
259,-0.6597017266098202,-0.542850237960543,1.0085784350819558,0.4572072956180517,-0.6718570222152697,-0.36898614607037217,1.3001229661925195,0,0,0,1,1,0
260,-0.4912792759632972,-0.5325267405014584,0.16219911403366843,-0.6181656157622287,-0.3813785198163218,0.31204383957802917,1.3259346435532688,0,0,0,1,0,0
261,0.09819930129953332,0.07552725983862005,0.16219911403366843,0.20116612624179445,-0.6718570222152697,-0.8230061365026398,1.3259346435532688,1,0,0,0,0,0
262,0.35083297726931784,-0.3343155892870356,-1.1073698675387627,-0.6693738496374803,0.005926150048941781,-1.7310461173671747,1.351746320914018,1,1,0,1,0,1
263,0.6034666532391023,-0.4385829136237893,1.8549577561302433,-0.5669573818869773,-0.3813785198163218,0.7660638300102968,1.3775579982747672,1,1,0,0,0,0
264,0.013988075976271821,0.0001657283873030107,-0.007076750175989039,-1.1916978351650451,-0.18772618488369003,0.9930738252264305,1.3775579982747672,0,1,0,1,0,0
265,-0.9123354025796047,-0.2930215994506975,-0.26099054649047526,1.0102562214707673,-0.47820468728263776,0.7660638300102968,1.416275514315891,1,0,0,1,1,0
266,-0.4912792759632972,0.6371255216128182,-1.5305595280629063,7.535660178453291e-09,0.4222786701541004,-0.5959961412865059,1.4291813529962656,0,0,0,1,1,1
267,-0.4070680506400357,-0.46129460803377526,-0.007076750175989039,-1.3350808900157491,0.2964046524478896,0.7660638300102968,1.4678988690373893,1,1,0,1,0,0
268,-1.3333915291959122,0.0001657283873030107,-0.007076750175989039,0.39575741496774997,-0.47820468728263776,0.7660638300102968,1.4678988690373893,0,1,0,0,0,0
269,-1.7544476558122197,0.0001657283873030107,-0.26099054649047526,-0.4235743270362733,-0.3813785198163218,-1.0500161317187735,1.4678988690373893,0,1,0,1,0,0
270,-1.4176027545191736,0.0001657283873030107,-0.6841802070146189,7.535660178453291e-09,0.1995784849815738,-1.504036122151041,1.4678988690373893,0,1,1,1,1,0
271,-0.8281241772563431,0.0001657283873030107,0.16219911403366843,-0.43381597381132353,-0.47820468728263776,-0.5959961412865059,1.4678988690373893,0,1,0,0,0,0
272,0.5192554279158408,-0.38077132785291595,-0.007076750175989039,-0.4952658544616253,-0.18772618488369003,-0.8230061365026398,1.480804707717764,0,0,0,0,0,0
273,-1.5860252051656967,-0.5345914399932754,0.16219911403366843,-0.7615486706129329,-0.6718570222152697,0.7660638300102968,1.480804707717764,0,0,0,1,0,0
274,-0.07022314934698967,-0.3353479390329441,-0.6841802070146189,-1.160972894839894,-0.3813785198163218,0.0850338443618954,1.480804707717764,1,1,0,1,1,0
275,-1.3333915291959122,0.0001657283873030107,-0.007076750175989039,1.6247550279737848,-0.5750308547489537,0.0850338443618954,1.480804707717764,0,0,1,0,0,0
276,0.7718891038856254,0.0373303192400073,-0.26099054649047526,0.6517985843440072,-0.2845523523500058,1.2200838204425644,1.480804707717764,0,0,0,0,0,0
277,0.7718891038856254,0.0001657283873030107,-0.007076750175989039,-2.440154577043675,-0.2845523523500058,0.7660638300102968,1.4937105463981386,0,1,0,1,0,0
278,-0.9123354025796047,0.48433775921836725,-0.6841802070146189,-0.32115785928577034,-0.6718570222152697,-0.14197615085423837,1.4937105463981386,1,1,0,0,0,0
279,-0.4912792759632972,-0.5139444450751064,-0.007076750175989039,1.9217627844502432,-0.09090001741737401,-0.14197615085423837,1.4937105463981386,0,1,0,0,0,0
280,0.7718891038856254,2.1815207414918634,0.16219911403366843,-0.22898303831031774,-0.3813785198163218,0.0850338443618954,1.5066163850785133,0,1,0,1,0,0
281,0.7718891038856254,0.0001657283873030107,0.16219911403366843,-2.174895925569873,1.264666327111049,-0.14197615085423837,1.545333901119637,0,0,0,1,1,0
282,-1.5860252051656967,-0.5345914399932754,-0.6841802070146189,-0.4952658544616253,2.329754169240524,-1.9580561125833087,1.545333901119637,0,0,0,1,1,0
283,0.35083297726931784,1.1419445473620515,-0.007076750175989039,7.535660178453291e-09,-0.2845523523500058,0.31204383957802917,1.545333901119637,0,0,0,1,1,0
284,-0.9123354025796047,-0.5449149374523599,0.16219911403366843,0.1601995391415933,-0.5750308547489537,0.9930738252264305,1.545333901119637,1,0,0,1,0,0
285,-0.4912792759632972,-0.4251623669269794,0.16219911403366843,0.7439734053194599,-0.18772618488369003,-0.36898614607037217,1.545333901119637,1,1,0,1,0,0
286,-0.07022314934698967,-0.33947733801657787,-0.26099054649047526,0.1601995391415933,0.2964046524478896,0.7660638300102968,1.545333901119637,0,0,0,1,0,0
287,-1.3333915291959122,0.0001657283873030107,1.4317680956060994,2.86399428775487,-0.3813785198163218,-1.0500161317187735,1.545333901119637,0,1,0,0,0,0
288,0.35083297726931784,0.3201941496189233,-0.26099054649047526,7.535660178453291e-09,-0.2845523523500058,1.2200838204425644,1.6227689332018846,0,1,0,0,0,0
289,2.4561136103508554,-0.25275995936026785,-0.007076750175989039,1.2970223311721756,-0.47820468728263776,1.6741038108748318,1.6227689332018846,1,0,0,0,0,0
290,-1.3333915291959122,0.03423327000228194,1.4317680956060994,-0.4235743270362733,-0.5750308547489537,0.9930738252264305,1.6356747718822593,0,1,0,0,0,0
291,-0.07022314934698967,-0.27030990504071156,-0.26099054649047526,-1.3350808900157491,0.005926150048941781,0.5390538347941629,1.6485806105626337,0,0,0,1,0,0
292,-0.7439129519330817,-0.4045153720088104,-0.007076750175989039,1.2150891569717732,-0.3813785198163218,0.7660638300102968,1.6485806105626337,0,1,0,1,1,0
293,0.18241052662279483,-0.49432979990284576,-0.26099054649047526,-0.8639651383634358,-0.47820468728263776,-0.14197615085423837,1.803450674727129,1,1,0,1,1,0
294,0.09819930129953332,-0.5376884892310008,-0.007076750175989039,-1.1097646609646428,-0.2845523523500058,1.447093815658698,1.803450674727129,0,1,1,1,1,0
295,-0.4912792759632972,1.2782147138219673,-0.007076750175989039,0.06802471816614067,-0.18772618488369003,0.5390538347941629,1.8163565134075037,0,0,0,0,0,0
296,-1.3333915291959122,1.525978652839996,1.8549577561302433,4.902081995989878,-0.5750308547489537,0.31204383957802917,1.9066973841701258,0,1,0,0,0,0
297,-1.3333915291959122,1.8903981131456797,-0.007076750175989039,-1.2633893625903971,0.005926150048941781,0.7660638300102968,1.932509061530875,0,0,0,1,1,0
298,-0.9123354025796047,-0.39832127353335967,0.5853887745578121,1.3482305650474269,0.1995784849815738,-0.14197615085423837,1.9970382549327481,0,0,0,1,1,0
